age,sex,children,smoker,region,weight,charges,linear_Prediction,DecisionTree_Prediction,RandomForest_Prediction
44,1,3,0,1,2,8891.1395,7523.833426425301,8302.53565,11656.464671799988
54,0,2,0,1,3,12096.6512,12494.444517787813,11244.3769,15881.6067595
53,0,1,1,4,2,23244.7902,32156.32475599741,22218.1149,22556.53810899998
19,0,1,0,3,3,2331.519,2194.473266751078,1743.8395,2416.426557625002
57,0,0,0,2,2,11830.6072,9468.18548991865,11841.699400000001,11931.468288566683
19,1,0,1,2,4,33750.2918,27999.32245204907,36219.40545,35696.24117465999
46,0,1,1,3,4,41661.602,35653.8932241352,39725.51805,42007.00362770003
44,0,1,0,3,4,7623.518,11330.022599563164,7337.748,7668.366644166672
19,0,5,0,3,3,4687.797,4207.972541913901,4830.63,10560.150774866665
18,0,0,1,1,2,14283.4594,23243.348126638528,13747.87235,14189.953412500008
34,0,1,1,1,4,37701.8768,33040.07441558066,37270.1512,47104.77281129999
46,0,1,1,2,2,21677.28345,30862.762887953577,21223.6758,21082.643309999992
52,1,2,0,2,4,26467.09737,13924.00004863334,11289.10925,16021.579175000003
43,0,2,1,2,2,21880.82,30573.98354243786,19798.05455,20222.7445079
61,0,0,0,4,3,24513.09126,12503.857823914665,13041.921,12901.332073599997
49,1,0,0,4,4,8125.7845,11570.298398074365,8124.4084,8175.548272999993
23,0,2,1,4,4,36021.0112,29806.687192241123,35595.5898,37348.722682000014
18,0,0,0,4,4,1633.0444,3683.9127657812587,4822.2817,4647.624300444489
29,0,2,0,3,2,4529.477,2804.0973363045814,4906.40965,5853.113900699999
19,1,0,1,4,4,32548.3405,27444.524603377926,39722.7462,37852.40640259997
50,0,1,0,4,4,9549.5651,12636.932003840435,10118.424,9580.28091733334
44,1,2,0,4,4,7731.4271,11256.791095145078,7147.4728,10369.872812300006
39,1,1,1,1,4,22462.04375,34061.12395721814,39047.285,39721.75091100004
26,1,0,0,2,1,2680.9493,-1550.8795703794985,2352.96845,3018.4479572999962
47,1,0,1,4,4,41676.0811,34837.96347023784,42969.8527,46505.319950400015
57,0,0,1,2,4,43578.9394,38332.4825988036,44423.803,45286.053607124966
54,0,3,0,2,2,12475.3513,10186.15578198435,12479.70895,12681.636968199988
51,0,0,1,4,4,44400.4064,36193.37642151962,63770.42801,51253.400733499984
37,1,3,0,1,2,6985.50695,5675.473709710326,6747.66685,7036.699621483332
24,0,0,0,4,2,25081.76784,199.691833876901,2457.502,4815.153064908329
27,0,1,0,3,4,3577.999,6841.149001826792,3956.07145,4401.64503115
43,0,1,1,1,3,21771.3423,32882.272278241326,21774.32215,22730.526138499983
39,0,3,0,1,2,7985.815,6502.783884787828,7986.47525,7855.78250600001
63,0,0,0,4,4,13887.204,15566.22523037754,13887.9685,13829.61899774999
30,0,0,0,3,3,3554.203,4595.663717083908,3353.284,3768.6243695333355
37,1,0,0,3,4,4646.759,8679.08066518426,20420.60465,15588.011648000007
18,1,0,0,4,4,1137.011,3384.705366908036,1138.2596833333334,1137.8778386396825
26,0,0,0,2,2,3176.2877,1282.5924587523223,3176.8159,3533.0961267999937
46,1,1,0,1,4,8342.90875,12113.715825565365,8334.5896,9269.572563199989
20,1,3,1,2,4,37465.34375,29773.49829652333,36189.1017,36222.53522549999
46,0,1,0,4,3,8232.6388,9046.461821173276,8026.6666,9486.897285233323
18,0,1,0,4,2,2201.0971,-881.2416759452317,1607.5101,2371.847218450836
28,0,1,0,2,3,4133.64165,4848.334684005904,3956.07145,4657.864374899998
63,0,2,1,3,4,47305.305,40646.14164066228,47291.055,47666.62032626668
49,1,1,0,1,3,9288.0267,10371.605359613188,9282.4806,9454.506378900005
20,0,0,0,4,4,1877.9294,4212.015541985538,1880.07,1965.6045608015902
18,1,0,0,4,4,1149.3959,3384.705366908036,1138.2596833333334,1137.8778386396825
59,0,3,0,4,3,14001.1338,13485.879504082504,14001.2867,15381.544182400023
27,1,0,1,4,3,18246.4955,27022.67107793645,17043.3414,17879.561372600016
21,0,0,0,4,4,2020.5523,4476.066930087678,2026.9741,3303.9366932617454
18,1,1,0,1,3,11272.33139,2186.012328446859,2221.56445,3140.0240699416677
36,1,1,0,2,4,5377.4578,9195.8030202084,4894.7533,5373.380284400001
33,0,2,0,3,4,5375.038,8928.832149230338,5841.719,5601.0189480333365
32,1,1,1,1,4,37607.5277,32212.764240503166,38282.7495,43666.554359399976
47,1,1,0,3,4,8068.185,11822.969364996361,8083.9198,9897.203495228568
32,1,2,0,3,4,4670.64,8365.573362254976,4686.3887,4653.5622218333365
20,0,2,0,4,4,3056.3881,5218.76517956695,3180.5101,11885.391782724986
34,0,3,0,1,2,6753.038,5182.52694427713,6402.29135,12418.262744816655
57,1,0,0,3,3,10965.446,11425.843796968455,11735.87905,11233.992745349991
46,1,1,0,1,4,8334.45755,12113.715825565365,8334.5896,9269.572563199989
43,1,2,1,4,4,42560.4304,34788.50755541069,40273.6455,41062.463936000044
43,0,1,0,4,4,7345.7266,10788.572287125457,18806.14547,10609.569380349998
42,1,1,0,2,3,6940.90985,8245.846718562638,6664.68595,6893.59813423333
33,0,0,0,2,3,4571.41305,5665.216805725899,4185.0979,8454.552295
32,0,0,0,1,2,4544.2348,3144.2997117007308,4137.5227,5955.590185899999
34,0,1,0,4,3,5002.7827,5877.845163947601,5012.471,5186.084576300004
18,1,0,0,1,3,1712.227,1682.6375096561515,1708.4635750000002,1833.553232198809
63,1,3,0,2,4,15555.18875,17331.94013654758,15170.069,16954.731948299992
40,1,0,0,4,3,5415.6612,6659.571274896511,5704.50095,5799.838920383336
45,1,1,0,3,4,7441.053,11294.866588792082,7445.918,8393.524501733325
59,0,0,0,4,4,12244.531,14510.019677968981,21797.0004,16314.432757553346
57,1,0,0,1,1,11534.87265,6912.112385122402,11566.30055,11545.843204500012
25,1,2,0,1,4,23241.47453,7072.011494211138,4661.28635,5385.7937766
19,0,0,0,2,2,2117.33885,-565.7672579626542,2527.81865,2082.3928075401413
51,1,1,0,4,4,9386.1613,12601.775993069352,9377.9047,9329.575685499995
24,0,0,0,4,4,2473.3341,5268.221094394097,2480.9791,4764.786527974996
53,0,1,0,4,4,10579.711,13429.086168146854,10928.849,15765.935814206661
48,0,1,0,1,3,9447.25035,10406.76137038427,9715.841,15955.914667399984
42,0,2,0,4,3,7640.3092,8493.63108755542,7682.67,7669.745385950002
63,0,1,0,4,4,14474.675,16069.600049168252,31620.00106,22418.66106469998
57,1,0,0,1,4,20709.02034,14514.906275898195,11566.30055,11581.167431833346
36,1,1,0,2,4,5373.36425,9195.8030202084,4894.7533,5373.380284400001
61,0,3,1,4,4,30942.1918,40344.01475891313,46130.5265,46676.015613600044
34,0,3,0,3,4,6196.448,9696.258356123182,5972.378,6668.93514146667
44,0,0,0,1,4,12797.20962,11381.445629443604,8023.13545,13620.491897699996
26,1,2,1,3,4,36085.219,30577.032882009888,36189.1017,37088.00282160001
43,0,0,1,4,4,45863.205,34080.9653167025,40419.0191,34978.59690150002
47,1,1,1,4,4,42211.1382,35341.33828902854,42969.8527,44262.08795360001
64,1,2,0,3,3,14988.432,14280.953151264845,30166.61817,17133.065410699997
19,1,0,0,2,2,1625.43375,-864.9746568358769,1627.876675,1628.7894870125
31,1,2,1,3,4,38711.0,31897.289822520586,39241.442,41408.78629129995
28,1,1,1,3,4,51194.55914,30601.760839423463,40904.1995,37761.8054802
55,1,0,0,2,3,10594.50155,11175.139945099747,10601.63225,11948.011586146664
25,1,4,0,2,3,4877.98105,5267.097577198381,3537.703,9538.672575999997
47,0,0,0,1,2,8534.6718,7105.070533232827,9566.9909,15027.616566710001
55,0,2,0,2,4,12268.63225,15015.361611812981,12269.68865,13721.846346549995
45,1,2,0,3,3,8027.968,9263.976777324193,7726.854,10090.431036350008
36,0,3,0,1,2,7228.21565,5710.629720481409,7133.9025,7474.8270605499965
20,0,0,0,1,4,2459.7201,5044.212314992252,2748.484475,3192.746687640979
40,1,0,0,4,4,5438.7491,9193.83590515511,5704.50095,5797.792226633335
39,1,0,1,1,3,20149.3229,31023.48450816884,22331.5668,22058.221045499995
44,1,1,0,4,4,7152.6714,10753.416276354374,7147.4728,7711.818761799996
45,1,0,1,1,2,35069.37452,30073.52820652308,21223.6758,20991.995382999998
19,0,2,0,3,2,2913.569,163.58345528318569,2801.2588,11480.250247916658
41,0,2,0,2,4,7749.1564,11318.642178383025,8017.06115,9321.953059399997
46,0,1,0,4,4,8240.5896,11580.726451431876,8347.1643,9863.077427799994
27,0,0,1,3,4,34838.873,30133.542031403842,33900.653,35821.11901209999
18,1,0,0,4,4,1163.4627,3384.705366908036,1138.2596833333334,1137.8778386396825
44,0,0,0,2,3,7421.19455,8569.782074849432,7419.4779,8894.906581100013
51,0,0,0,1,4,9866.30485,13229.805346158582,9875.6804,12203.147821999984
48,0,0,0,4,4,8283.6807,11605.454408845448,8280.6227,8631.721987199991
26,1,0,0,2,4,2699.56835,6051.914320396298,2523.1695,3924.338976714286
24,1,0,0,3,3,1972.95,2712.1479895978464,1977.815,4009.6918989000005
24,0,0,0,2,4,2850.68375,5823.018943065241,2855.43755,4449.213400349992
47,1,1,0,1,2,8627.5411,7309.237953150308,8688.85885,9315.68921539999
53,1,0,0,1,4,10072.05505,13458.70072348964,10435.06525,11004.367393300003
44,0,0,1,2,4,42983.4585,34899.814553475786,39556.4945,39999.80342830003
34,1,0,0,4,4,3935.1799,7609.527576542272,4320.41085,4981.125802799999
33,1,5,0,3,4,6666.243,10139.749206729235,4889.9995,6797.153484399994
39,0,0,0,3,4,5649.715,9506.390840261762,6186.127,5906.611971666661
62,0,0,0,3,4,13462.52,15579.572766610976,13451.122,13430.079412666651
52,0,0,0,1,2,10197.7722,8425.327473743526,23045.56616,17226.32390793333
41,1,1,0,3,3,6282.235,7704.396406124926,6272.4772,6588.346093333332
61,1,0,0,1,4,13143.33665,15571.111828306754,13143.86485,13212.63735403334
38,1,3,0,4,2,6652.5288,5107.3283248057505,6455.86265,8310.104894099995
43,0,2,0,1,4,19144.57652,12124.143878922872,8116.26885,11256.631356
19,1,0,0,2,4,1639.5631,4203.554603681319,1642.9964,2022.536607411906
57,1,0,0,4,4,10982.5013,13682.70950289148,11092.17035,11618.36234589166
32,1,3,0,3,4,5253.524,8868.94818104568,4686.3887,5057.690369333339
42,0,1,0,3,3,7045.499,8267.655193100289,7050.642,7040.489919333335
33,1,0,1,1,2,17904.52705,26904.9115492974,20773.62775,20175.566952200003
18,1,0,1,1,3,15518.18025,25478.405358023905,17178.6824,20005.49832318
55,0,3,0,1,3,13047.33235,13261.87072468066,11244.3769,16151.18632619999
23,0,0,1,3,4,34166.273,29077.336478995283,33900.653,34843.33824699996
19,0,0,0,3,2,1728.897,-843.166182298226,1734.5265,1734.2881878095236
62,0,0,0,3,4,13470.86,15579.572766610976,13451.122,13430.079412666651
35,0,1,0,3,4,5240.765,8953.56010664391,5246.047,5176.296132500008
34,0,1,0,3,3,5003.853,6155.2440882831725,5012.471,5205.149762300002
24,0,3,0,2,4,4618.0799,7333.14339943736,4189.1131,7020.364229416663
34,1,1,0,3,4,14358.36437,8390.301319668548,4536.259,5250.939691100005
23,1,1,0,2,3,2789.0574,3228.8703446219843,21595.38229,7648.289856600006
18,1,1,0,4,4,1727.54,3888.080185698742,1722.953,3283.6521297500003
56,1,3,0,3,4,12363.547,15206.18149549703,12105.32,15742.695818866667
40,1,4,0,2,4,8162.71625,11762.133028989078,15828.82173,12272.637864831902
62,0,2,0,2,4,15019.76005,16863.721328527958,15230.32405,16118.915220600002
40,1,2,0,2,4,6986.697,10755.383391407662,7261.2128,8992.611773865236
35,1,1,0,3,3,4746.344,6120.0880775120895,4756.6995,5229.037897000002
56,0,0,0,2,3,11454.0215,11738.39873207511,11071.8555,11404.111025285707
63,1,1,0,2,2,14349.8544,11256.661238448973,13937.6665,21652.4093465
18,1,0,1,1,4,34617.84065,28012.669988282505,36219.40545,35258.14728636
32,1,1,0,2,3,4454.40265,5605.33283754124,4241.74135,4461.6436032
49,1,3,0,2,4,10269.46,13635.220703117624,10264.4421,10814.813974360002
21,1,3,0,1,2,3861.20965,1450.65150007609,3279.86855,3790.4823544
30,1,3,1,3,2,18259.216,27068.083992691958,17361.7661,17990.45031389998
36,1,0,0,4,3,4399.731,5603.365722487952,4320.41085,6853.1512384
30,1,0,0,1,3,3645.0894,4851.2541668818285,4137.5227,4548.834017499996
56,1,0,0,4,4,10594.2257,13418.65811478934,11092.17035,12897.001738011662
28,0,0,0,4,4,3171.6149,6324.426646802656,3172.018,3354.1901902166674
48,0,1,0,1,3,9447.3824,10406.76137038427,9715.841,15955.914667399984
37,0,3,0,2,3,7281.5056,8231.546814506573,6414.178,6694.592077333337
28,0,0,0,1,1,3732.6251,-446.17047096642636,3558.62025,7045.234588833331
32,1,4,1,2,3,21472.4788,30911.22514228111,20745.9891,22471.572680899968
32,0,0,1,3,2,17496.306,26385.26971139734,18765.87545,20527.851566999994
21,0,1,1,1,2,15359.1045,24538.87710973566,14711.7438,15764.650403950009
31,1,3,0,2,4,5425.02335,8882.295717279112,4462.7218,5906.187745166669
51,1,0,0,2,4,9174.13565,12653.199022949788,10848.1343,9398.20499168333
31,1,0,0,1,4,3857.75925,7649.570185242565,3268.84665,4942.584826033335
43,1,3,0,2,4,8410.04685,12050.912374504785,9704.66805,8631.13399216667
35,1,3,0,4,4,5934.3798,9383.703421016527,5729.0053,6091.316270066669
24,1,0,1,3,4,34472.841,29042.1804682242,35585.576,35240.227678999974
63,0,0,1,1,3,29523.1656,37659.92522149342,28101.33305,28547.149384000022
35,1,2,1,1,3,20984.0936,30974.028593341696,20773.62775,20698.689969299994
48,1,2,1,2,4,45702.02235,36663.56234459253,42856.838,42069.35449199998
46,0,0,1,1,4,42111.6647,35705.31625401563,41097.16175,43525.97450830002
29,1,2,0,2,4,19442.3535,7850.818122284125,4433.6518,4599.717479966669
18,0,0,0,1,4,2211.13075,4516.109538787972,4942.971871428571,5040.982940128193
18,0,0,0,4,4,1633.9618,3683.9127657812587,4822.2817,4647.624300444489
52,1,1,0,3,4,9724.53,13143.22630550706,10085.846,9898.492690999994
35,0,1,0,2,4,5630.45785,9230.959030979482,5385.3379,6146.348157700003
32,1,1,1,4,3,19719.6947,28846.302837237847,19350.3689,21409.982491200004
41,0,1,0,1,4,7358.17565,11092.666283927889,7153.5539,9914.553837950007
29,1,2,0,2,3,18157.876,5316.553492025529,4241.74135,4686.148146233335
50,1,1,1,1,4,41919.097,36965.68922634168,41097.16175,41511.804738
25,1,0,0,2,4,2534.39375,5787.862932294158,2523.1695,3538.0526068
44,0,2,0,4,2,8211.1002,6487.469233501104,9193.8385,11068.841154185006
32,1,2,0,4,4,4673.3922,8088.174437919401,4686.3887,4644.613682500006
52,0,3,0,3,4,11411.685,14449.183341961698,10806.839,12663.33685905834
57,1,1,1,4,4,48675.5177,37981.85217004994,43921.1837,44115.833942999976
42,0,1,0,4,3,7046.7222,7990.256268764717,7050.642,6977.783711249999
36,0,0,0,2,3,5266.3656,6457.370970032318,5267.81815,5241.968838000006
33,0,2,1,1,2,16776.30405,28210.868585752032,20773.62775,20847.9197745
60,0,0,0,1,1,13204.28565,8003.473948302044,13012.20865,14391.316840473324
53,0,1,0,2,4,10959.6947,13983.884016817998,10461.9794,12176.119584850003
51,0,1,0,3,4,9880.068,13178.382316278143,9872.701,9827.045658500003
27,0,0,0,2,2,3353.4703,1546.643846854462,3176.8159,4650.819902999993
29,0,0,1,1,2,16115.3045,26147.913395762065,16657.71745,16791.308989700017
45,1,2,0,1,2,8604.48365,7284.5099957367365,8603.8234,8840.572211083329
43,0,2,0,2,4,8310.83915,11846.744954587304,8116.26885,8784.266691800001
36,1,2,1,3,4,38415.474,33217.546763031285,38709.176,40883.35810769998
46,0,1,0,4,3,8233.0975,9046.461821173276,8026.6666,9486.897285233323
64,1,0,0,1,3,14394.5579,13829.001362354576,14410.9321,15701.773130600002
25,1,2,1,4,4,42112.2356,30035.58256957218,36124.5737,36398.03023500003
33,1,5,0,4,4,6653.7886,9862.35028239366,4889.9995,6769.837452399995
58,0,0,0,3,4,11848.141,14523.367214202417,11839.801,12045.257859676196
49,0,4,0,4,4,10977.2063,13883.00507211041,11299.343,10932.42407463333
50,1,2,0,3,4,9630.397,13118.498348093488,9053.378799999999,13175.823421000006
23,0,1,1,4,3,18328.2381,26769.04774319182,19107.7796,19554.209955749993
39,1,2,1,3,4,40103.89,34009.70092733771,39871.7043,40547.855519999976
19,1,0,1,3,4,34779.615,27721.9235277135,34828.654,35126.497806040046
54,1,0,0,2,4,24476.47851,13445.353187256207,10231.4999,10202.003455500017
18,1,0,1,1,4,33732.6867,28012.669988282505,36219.40545,35258.14728636
46,1,3,0,1,2,9500.57305,8051.93620262958,8603.8234,9025.146263833329
24,0,0,0,4,3,2464.6188,2733.9564641354973,18955.22017,7784.110270208327
47,1,1,0,3,4,8062.764,11822.969364996361,8083.9198,9897.203495228568
64,0,0,0,2,4,14692.66935,16385.074467150822,14901.5167,14403.435211499995
34,0,1,0,1,4,5594.8455,9244.30656721291,5227.98875,8338.1255354
20,1,2,0,4,4,2566.4707,4919.557780693727,3180.5101,14123.901671725
26,0,0,0,1,3,3385.39915,4094.256013346492,3213.62205,3540.3961868833344
62,0,0,0,4,4,13457.9608,15302.1738422754,13470.8044,13431.094815333334
21,0,0,0,1,2,2585.85065,239.7344425771953,2731.9122,2534.155040202188
60,1,0,0,1,4,12741.16745,15307.060440204614,21495.49758,19878.03220347999
18,1,0,0,1,2,1704.70015,-851.6271206024448,1704.2159666666666,1708.8476848696987
31,0,0,0,2,2,4134.08245,2602.849399263019,4357.04365,5071.809522333335
37,0,2,1,3,4,39836.519,33780.80555000665,46113.511,44548.704891499954
30,1,0,1,4,4,36950.2567,30349.089872501463,36837.467,38459.11695869998
19,0,3,0,2,3,18838.70366,3478.6218286680614,24059.68019,16273.269095866664
35,1,4,0,1,4,19496.71917,10719.275012813947,27375.90478,14152.651280066657
35,0,0,1,2,3,20234.85475,29989.08743029793,20009.63365,19962.36718879999
38,0,3,0,2,4,7537.1639,11029.862832867313,6796.86325,7295.371261899999
23,1,1,0,4,4,2438.0552,5208.337126209439,2416.955,4177.073727896666
50,0,0,0,1,4,9541.69555,12965.753958056443,25656.57526,16165.724475899995
48,1,2,0,4,4,8978.1851,12312.996647553637,8968.33,8901.186869999996
41,1,2,0,2,4,7261.741,11019.434779509802,7261.2128,7438.097062595235
35,1,3,1,4,2,19361.9988,28110.94200886709,17361.7661,18647.239020600005
38,0,1,0,4,3,5974.3847,6934.050716356158,5976.8311,5907.140793000003
30,0,1,0,1,2,4718.20355,3119.571754287159,4719.52405,7650.704458150001
35,1,3,0,3,3,5926.846,7126.837715093499,6548.19505,7046.577714799993
41,0,2,0,3,4,7371.772,11041.243254047453,7954.517,7566.971523900003
53,0,3,1,1,2,24873.3849,33995.27116658553,24106.91255,24253.238703
56,1,1,0,1,4,11763.0009,14754.229706586762,11394.06555,13158.035101466648
36,0,1,0,3,3,5472.449,6683.346864487454,5478.0368,5290.849784000003
19,1,0,0,3,2,1242.816,-1142.3735811714487,1241.9125,1257.9648152857146
19,1,2,0,2,2,2803.69785,141.77498074553478,3077.0955,14413.640428699991
18,1,2,0,4,2,11884.04858,-677.0742560277486,2304.0022,3838.7807196666613
46,1,5,0,3,3,10096.97,11038.152621798448,14478.33015,10810.81188873333
36,1,0,0,3,4,4402.233,8415.02927708212,4320.41085,6162.979934
63,1,0,0,1,4,13974.45555,16099.214604511033,13981.85035,13994.386679833326
30,0,3,0,3,4,5325.651,8640.052803714623,5708.867,5290.252916500005
40,1,2,0,3,4,6600.361,10477.984467072094,7196.867,7983.211434639998
20,1,2,1,3,4,38344.566,28992.724553397056,36189.1017,36348.11210843332
64,1,2,1,4,4,49577.6624,40333.58670555562,46889.2612,47142.75484450001
38,1,2,0,2,3,6457.8434,7693.015984944786,6455.86265,6454.80715300001
21,0,0,0,2,4,2404.7338,5030.864778758822,2261.5688,2298.974392265476
23,1,0,0,1,2,2396.0959,468.6298199082521,2395.17155,5309.357463250006
39,0,5,0,2,2,8965.79575,7232.134598033668,8582.3023,8783.781176399998
28,1,2,0,1,3,4438.2634,5329.901028258961,4435.0942,5232.27310063333
40,1,1,1,1,4,39125.33225,34325.175345320284,41034.2214,39850.83890500003
49,0,1,0,3,3,26140.3603,10116.014909815267,9182.17,9525.112140866673
56,0,0,0,1,3,11658.37915,12015.797656410681,11657.916975,11651.111305744045
24,0,0,0,2,2,2842.76075,754.4896825480428,2457.502,5276.126811566663
59,0,3,0,3,4,14007.222,16297.543058676676,36910.60803,22871.15941789999
44,0,2,0,4,3,8219.2039,9021.7338637597,7625.8115,9730.857184200007
18,0,0,0,4,4,1631.6683,3683.9127657812587,4822.2817,4647.624300444489
24,1,0,0,3,2,1969.614,177.8833593392501,1977.815,3155.537936899998
28,1,0,1,4,4,34672.1472,29820.987096297184,39611.7577,39142.55224599996
54,0,2,0,3,4,11538.421,14473.91129937527,11881.358,11820.116299099998
49,0,0,0,2,4,8988.15875,12424.303645618731,9583.8933,10020.6195061
56,1,0,1,1,2,22412.6485,32978.093475646616,23887.6627,25065.739931500015
